1 1 1.000000
1 2 0.000070
1 3 -0.002459
1 4 0.188998
1 5 -0.005722
1 6 0.196791
1 7 0.145369
1 8 0.056137
1 9 0.001695
1 10 -0.598278
1 11 0.278312
1 12 -0.411822

2 1 0.000070
2 2 1.000000
2 3 0.000617
2 4 0.014496
2 5 0.010169
2 6 -0.006679
2 7 -0.005262
2 8 0.001528
2 9 0.003700
2 10 0.009569
2 11 0.004086
2 12 0.005214

3 1 -0.002459
3 2 0.000617
3 3 1.000000
3 4 -0.020164
3 5 0.001679
3 6 0.006681
3 7 -0.001640
3 8 0.009767
3 9 0.011288
3 10 0.009364
3 11 -0.000797
3 12 -0.000535

4 1 0.188998
4 2 0.014496
4 3 -0.020164
4 4 1.000000
4 5 0.012209
4 6 0.323182
4 7 0.180771
4 8 0.058134
4 9 -0.002545
4 10 -0.130750
4 11 -0.276615
4 12 -0.067126

5 1 -0.005722
5 2 0.010169
5 3 0.001679
5 4 0.012209
5 5 1.000000
5 6 0.009270
5 7 0.013179
5 8 -0.003999
5 9 -0.002775
5 10 -0.003124
5 11 -0.001897
5 12 0.013119

6 1 0.196791
6 2 -0.006679
6 3 0.006681
6 4 0.323182
6 5 0.009270
6 6 1.000000
6 7 0.123676
6 8 0.046789
6 9 -0.019759
6 10 -0.138312
6 11 -0.132604
6 12 -0.073587

7 1 0.145369
7 2 -0.005262
7 3 -0.001640
7 4 0.180771
7 5 0.013179
7 6 0.123676
7 7 1.000000
7 8 -0.027317
7 9 0.009395
7 10 -0.082769
7 11 -0.168213
7 12 -0.055515

8 1 0.056137
8 2 0.001528
8 3 0.009767
8 4 0.058134
8 5 -0.003999
8 6 0.046789
8 7 -0.027317
8 8 1.000000
8 9 -0.002974
8 10 -0.026023
8 11 -0.093211
8 12 -0.020517

9 1 0.001695
9 2 0.003700
9 3 0.011288
9 4 -0.002545
9 5 -0.002775
9 6 -0.019759
9 7 0.009395
9 8 -0.002974
9 9 1.000000
9 10 0.011777
9 11 -0.003573
9 12 -0.004689

10 1 -0.598278
10 2 0.009569
10 3 0.009364
10 4 -0.130750
10 5 -0.003124
10 6 -0.138312
10 7 -0.082769
10 8 -0.026023
10 9 0.011777
10 10 1.000000
10 11 -0.376067
10 12 0.397108

11 1 0.278312
11 2 0.004086
11 3 -0.000797
11 4 -0.276615
11 5 -0.001897
11 6 -0.132604
11 7 -0.168213
11 8 -0.093211
11 9 -0.003573
11 10 -0.376067
11 11 1.000000
11 12 -0.268793

12 1 -0.411822
12 2 0.005214
12 3 -0.000535
12 4 -0.067126
12 5 0.013119
12 6 -0.073587
12 7 -0.055515
12 8 -0.020517
12 9 -0.004689
12 10 0.397108
12 11 -0.268793
12 12 1.000000

