1 1 1.000000
1 2 -0.102027
1 3 0.120918
1 4 -0.068234
1 5 -0.063119
1 6 -0.004828

2 1 -0.102027
2 2 1.000000
2 3 -0.044952
2 4 0.008811
2 5 0.125008
2 6 0.098573

3 1 0.120918
3 2 -0.044952
3 3 1.000000
3 4 -0.032208
3 5 -0.036871
3 6 0.328665

4 1 -0.068234
4 2 0.008811
4 3 -0.032208
4 4 1.000000
4 5 0.010000
4 6 0.055629

5 1 -0.063119
5 2 0.125008
5 3 -0.036871
5 4 0.010000
5 5 1.000000
5 6 0.589120

6 1 -0.004828
6 2 0.098573
6 3 0.328665
6 4 0.055629
6 5 0.589120
6 6 1.000000

