1 1 1.000000
1 2 0.204011
1 3 0.200481
1 4 0.186377
1 5 0.135652
1 6 0.828469
1 7 0.121856
1 8 0.113334
1 9 -0.165676

2 1 0.204011
2 2 1.000000
2 3 0.043066
2 4 0.131387
2 5 -0.010393
2 6 0.222494
2 7 0.029035
2 8 0.055442
2 9 -0.133338

3 1 0.200481
3 2 0.043066
3 3 1.000000
3 4 0.100276
3 5 -0.075284
3 6 0.245300
3 7 0.020073
3 8 -0.040315
3 9 -0.052541

4 1 0.186377
4 2 0.131387
4 3 0.100276
4 4 1.000000
4 5 0.015057
4 6 0.110283
4 7 0.186090
4 8 0.059965
4 9 -0.063947

5 1 0.135652
5 2 -0.010393
5 3 -0.075284
5 4 0.015057
5 5 1.000000
5 6 0.098095
5 7 0.002624
5 8 -0.000292
5 9 0.183354

6 1 0.828469
6 2 0.222494
6 3 0.245300
6 4 0.110283
6 5 0.098095
6 6 1.000000
6 7 0.157394
6 8 0.040679
6 9 -0.182856

7 1 0.121856
7 2 0.029035
7 3 0.020073
7 4 0.186090
7 5 0.002624
7 6 0.157394
7 7 1.000000
7 8 0.010750
7 9 -0.128339

8 1 0.113334
8 2 0.055442
8 3 -0.040315
8 4 0.059965
8 5 -0.000292
8 6 0.040679
8 7 0.010750
8 8 1.000000
8 9 -0.082919

9 1 -0.165676
9 2 -0.133338
9 3 -0.052541
9 4 -0.063947
9 5 0.183354
9 6 -0.182856
9 7 -0.128339
9 8 -0.082919
9 9 1.000000

